4.8055e-10 1.1807358426e-10 1.5
3.05945e-10 7.54924929049e-11 1.16666666667
2.35239e-10 6.88965102817e-11 1.0
7.72376e-10 1.1284706192e-10 2.0
7.804e-11 3.23100402352e-11 0.333333333333
1.3478e-10 4.91587591381e-11 0.666666666667
8.77e-11 1.9594450745e-11 0.166666666667
6.61994e-10 1.01111217202e-10 1.83333333333
1.402369e-09 2.82293550279e-10 2.33333333333
8.9211e-11 3.32107902496e-11 0.5
5.41315e-10 1.43571052601e-10 1.66666666667
1.062697e-09 1.58447289472e-10 2.16666666667
1.59123e-10 5.56848726406e-11 0.833333333333
3.40247e-10 8.10321536243e-11 1.33333333333
